0.99876928
0.99917066
0.96491623
0.99786651
0.99778730
0.95931959
0.97077698
0.99822611
0.77169967
0.95362437
0.99979180
0.65785855
0.97316313
0.98115152
0.85396820
0.96824926
0.99970764
0.99606729
0.99990571
0.99946326
0.38189876
0.99929196
0.54573625
0.99992877
0.97469956
0.69628203
0.50328499
0.32410124
0.99807239
0.99990255
0.92230350
0.99958515
0.99379712
0.99403352
0.99189138
0.96575481
0.99871778
0.75593191
0.99892330
0.99999392
0.99864131
0.99970293
0.99683601
0.99994272
0.99999541
0.94868702
0.99966311
0.91193521
0.99943340
0.98967952
0.99976313
0.99989253
0.99999875
0.99578029
0.99998701
0.99994892
0.99408478
0.99998981
0.01680377
0.99797285
0.99999321
0.99701983
0.03457588
0.99759704
0.99984199
0.64661556
0.99923831
0.99692166
0.99942046
0.99554497
0.99999803
0.99995530
0.99988538
0.95697868
0.99999630
0.99999797
0.99999732
0.99996817
0.99994588
0.99992448
0.99997461
0.99999464
0.99999791
0.99999845
0.99999738
0.99939728
0.99998856
0.99833345
0.99208069
0.99986184
0.99999827
0.99995095
0.99997789
0.99999040
0.99999917
0.99972796
0.99999845
0.99997526
0.99999601
0.99998224
0.99992424
0.99995625
0.99997115
0.99994856
0.99963826
0.99999815
0.99999917
0.99965125
0.99999958
0.99969769
0.99999005
0.24576816
0.99985123
0.99966335
0.97860318
0.99999666
0.95098072
0.99998760
0.99999940
0.99998933
0.98040777
0.99893236
0.99997294
0.99999970
0.99994642
0.99994391
0.99960333
0.99997777
0.99992061
0.11331996
0.99999744
0.99996781
0.99596298
0.99999803
0.99989116
0.99998438
0.99999529
0.10928509
0.99999887
0.99999380
0.99998766
0.01268407
0.99944228
0.99999094
0.99999583
0.99999601
0.99862850
0.99996006
0.99998903
0.00567285
0.99999511
0.99990392
0.83071184
0.99999821
0.99997097
0.98687333
0.99956495
0.99995798
0.01321461
0.99999171
0.27738735
0.99997246
0.99999845
0.99995112
0.99998814
0.99996245
0.99999374
0.82273453
0.99997610
0.99998617
0.99999928
0.99984962
0.99991637
0.99335009
0.99974686
0.99393356
0.99998856
0.99999928
0.99996066
0.99999774
0.99999923
0.99998802
0.99996048
0.99999374
0.99999738
0.99999964
0.99999917
0.99992591
0.98882973
0.99999774
0.99997461
0.07144939
0.85807401
0.99999845
0.99976182
0.99999857
0.99999905
0.99928063
0.99977779
0.99988461
0.99999893
0.99996722
0.99990678
0.99999630
0.99998683
0.99977827
0.83057535
0.99999857
0.99999058
0.99999970
0.99997818
0.99940407
0.99999595
0.99999970
0.99999899
0.99999648
0.96642524
0.99999726
0.99998885
0.99995786
0.99999928
0.99999630
0.99999964
0.99994278
0.99999392
0.99999869
0.99999714
0.99999976
0.99999690
0.99999732
0.99976581
0.99999768
0.99999911
0.99999821
0.99977958
0.99999976
0.99997646
0.99988925
0.99856550
0.99969393
0.99999362
0.99999964
0.99971163
0.99999386
0.99998844
0.99998808
0.99676824
0.99991375
0.99999696
0.00134908
0.99995893
0.99999958
0.99995214
0.04757944
0.99950165
0.99997550
0.99997503
0.99998575
0.99961609
0.99999863
0.99885809
0.99990839
0.99614036
0.99836987
0.99998653
0.99999791
0.99929440
0.99999857
0.99999624
0.99998665
0.99990392
0.99999869
0.59904152
0.99461609
0.99999952
0.99999988
0.99999470
0.99999547
0.99994284
0.99999964
0.99999362
0.99992520
0.99935031
0.99968749
0.98480040
0.99598438
0.99982315
0.99990237
0.00107753
0.99978048
0.99997264
0.07388373
0.99998850
0.03418481
0.00681732
0.99999791
0.99998742
0.99889469
0.99999750
0.96332300
0.99978095
0.99987751
0.99999803
0.99998009
0.59883720
0.99998826
0.99999547
0.99567991
0.99986196
0.99948609
0.99976176
0.99999905
0.99998927
0.99999958
0.99999577
0.00267411
0.99999970
0.99960953
0.99999774
0.99999011
0.99999762
0.99997097
0.99987358
0.99976981
0.99995202
0.99924129
0.99999595
0.99999130
0.99902481
0.85348547
0.99952143
0.99999994
0.99999774
0.99999774
0.99999875
0.99999762
0.99998170
0.99992800
0.99999917
0.99999982
0.99999976
0.99994802
0.99982262
0.99737519
0.99998963
0.99898595
0.99994153
0.99994564
0.01931616
0.99998480
0.99983245
0.99991196
0.99999839
0.99981558
0.97726464
0.99999940
0.99969441
0.99998802
0.99998635
0.99971467
0.99999964
0.99897975
0.99998188
0.99999863
0.99999934
0.99995595
0.99998915
0.99999100
0.99984962
0.99999034
0.99999809
0.99991041
0.99898142
0.99999583
0.00053798
0.99998742
0.99970418
0.99999779
0.99731141
0.99993634
0.96418887
0.99997479
0.99999905
0.99989933
0.99988538
0.99999976
0.99971110
0.99979460
0.99952281
0.99969220
0.93040895
0.99999958
0.99992824
0.99999702
0.99865383
0.99945837
0.99998558
0.99886358
0.99975508
0.99999791
0.99999952
0.99999440
0.99999684
0.99998027
0.99999863
0.99999988
0.99999982
0.99451256
0.98305315
0.99999988
0.99980688
0.99811685
0.99999928
0.99915797
0.99956530
0.99999881
0.99999964
0.99986070
0.99999994
0.99999970
0.99998999
0.99999988
0.99999791
0.99941128
0.99998903
0.99997699
0.99999994
0.99999917
0.99998945
0.99999952
0.99995458
0.99999976
0.99999958
0.99835223
0.99999988
0.99999988
0.99999988
0.99999964
0.99999988
1.00000000
0.99999756
0.99656564
0.99977505
0.99999982
0.99999994
0.99999982
0.99998957
0.99999720
0.99980789
0.99999994
0.99999994
0.99999964
1.00000000
0.99999976
0.99992943
0.99999982
0.99997473
0.97489578
0.99831724
0.99998891
0.99999934
0.99859959
0.99999958
0.99999648
0.99225372
0.99974370
0.99903738
0.99999523
0.99994642
0.99998778
0.99980849
0.99999958
0.99891007
0.98979467
0.99994743
0.99994057
0.99999976
0.99986708
0.99959636
0.99989104
0.99999821
0.99999690
0.98729557
0.99999911
0.99987894
0.99987608
0.99998921
0.99944305
0.01787229
0.99964941
0.99927819
0.99983400
0.99999368
0.99994576
0.98194718
0.99999678
0.99905658
0.99997920
0.99999291
0.99999517
0.99998736
0.99999958
0.99997473
0.99975282
0.99998736
0.99999893
0.99952751
0.99998194
0.99963975
0.35210943
0.99986470
0.99989879
0.99999535
0.99996924
0.99975830
0.99998438
0.99999571
0.99985534
0.99946028
0.99997687
0.99995923
0.99999911
0.99999857
0.99999934
0.99977297
0.99989057
0.99986064
0.00712514
0.99999934
0.99999577
0.99949485
0.93978953
0.99999505
0.99997306
0.99950165
0.99999928
0.99822086
0.99999958
0.99999964
0.99999338
0.99999648
0.99940836
0.99898171
0.99984437
0.99985391
0.99475163
0.99999726
0.99967623
0.99457157
0.99977255
0.99989945
0.99999261
0.99999827
0.99311680
0.99989849
0.99998528
0.99128050
0.99997038
0.99697304
0.99999893
0.99961871
0.99999934
0.99998212
0.99770749
0.99982393
0.99974263
0.99996448
0.99877143
0.99985760
0.99998635
0.99991673
0.99999833
0.99990290
0.99999905
0.99977422
0.99999952
0.99999392
0.99999952
0.99998188
0.99995470
0.99996930
0.99970084
0.99999756
0.99999952
0.99998391
0.99998510
0.99999946
0.99994773
0.99999940
0.99998087
0.99999923
0.99999875
0.99999756
0.99996197
0.99999839
0.99995351
0.90794617
0.99997008
0.99999857
0.99997896
0.99999559
0.99678576
0.99999863
0.99971199
0.99999774
0.10012600
0.98845303
0.99999571
0.99999470
0.99999750
0.99999827
0.99990892
0.99999785
0.99999613
0.99998736
0.99995780
0.99999923
0.99999905
0.99998754
0.99999410
0.99999976
0.99999046
0.99998599
0.99999744
0.99999845
0.99996263
0.99999243
0.99999315
0.87654406
0.99997729
0.99998301
0.99980915
0.99999082
0.99324661
0.99975592
0.99999219
0.99976730
0.99993318
0.99999630
0.99868995
0.99947202
0.99999291
0.99995965
0.99999714
0.99999875
0.99681121
0.99978161
0.99999613
0.99983472
0.99999964
0.99999374
0.99999928
0.99999887
0.99999702
0.99999976
0.99998665
0.99999952
0.99999946
0.99998695
0.99991530
0.99999923
0.99983889
0.99996239
0.99970192
0.99997133
0.99998641
0.99989784
0.99999505
0.99999934
0.99998677
0.99999928
0.06676513
0.99999946
0.99999171
0.99996179
0.99999088
0.99949598
0.99991369
0.99994725
0.99999857
0.99999934
0.99996126
0.99999803
0.99995190
0.79693484
0.99999470
0.99999762
0.96606946
0.99999708
0.99923605
0.99999571
0.99999928
0.99999863
0.99999821
0.99997777
0.99999982
0.99999994
0.99999774
0.99925005
0.99999964
0.99999583
0.99999273
0.99999934
0.99999654
0.98743480
0.99999845
0.99999124
0.99999803
0.99999744
0.99999201
0.99999750
0.99999946
0.99999785
0.99999309
0.99998474
0.99999988
0.99990457
0.99988461
0.99999601
0.99998581
0.99999583
0.99999851
0.99990320
0.99659646
0.99977833
0.99988908
0.99993002
0.99734849
0.99999809
0.99998492
0.99805582
0.08228379
0.99999303
0.99996746
0.87882400
0.99998683
0.99999696
0.99850869
0.99976438
0.99987656
0.99924099
0.99890006
0.99999517
0.99999768
0.99511766
0.99992275
0.98182309
0.99999851
0.99999851
0.99999899
0.99989253
0.99998635
0.96798116
0.99999857
0.99999696
0.99999362
0.99998903
0.99986470
0.99999690
0.99997789
0.99981177
0.99995399
0.99993932
0.99687046
0.99998921
0.99998862
0.99999762
0.99999964
0.99994832
0.99999768
0.99988025
0.99229223
0.99999887
0.99205023
0.99999750
0.99999899
0.99999881
0.99999666
0.99999404
0.99999821
0.98312056
0.99999875
0.99999923
0.99997061
0.99992883
0.99999446
0.99999881
0.97822940
0.79758918
0.99978256
0.99998492
0.99900818
0.99999124
0.99999911
0.99997371
0.99389160
0.99989891
0.99996841
0.99999934
0.99981248
0.99998993
0.99998003
0.99994606
0.99994743
0.99978161
0.99998987
0.99997896
0.99996758
0.99999887
0.99999797
0.99999708
0.99832630
0.99999714
0.99999958
0.99998850
0.99999434
0.99987549
0.99989599
0.99999464
0.99999958
0.99991518
0.99998975
0.99999827
0.99998903
0.99998093
0.99998391
0.99999660
0.99999040
0.99996054
0.99999928
0.99999863
0.99999863
0.99255800
0.99999338
0.99999839
0.99997383
0.99999672
0.99999815
0.99993044
0.99984092
0.99987012
0.99736851
0.99802220
0.99999768
0.99986058
0.99999535
0.99999321
0.99999917
0.99989849
0.99973714
0.99964368
0.99999815
0.99999022
0.99999541
0.03247960
0.99999928
0.99999452
0.99999493
0.84876448
0.99999863
0.99946338
0.99985206
0.99998546
0.99997097
0.99991494
0.99999279
0.98614359
0.99999690
0.99999964
0.99999911
0.99999958
0.99999386
0.99984956
0.99997962
0.99999070
0.99999815
0.99989164
0.99779898
0.99999332
0.99999273
0.99999964
0.99999976
0.99998403
0.99999458
0.99999738
0.99992216
0.99999851
0.99997807
0.99913883
0.99999684
0.99998045
0.99999672
0.99998331
0.99999607
0.99991751
0.99999958
0.00023454
0.99718046
0.99999863
0.99999928
0.99999952
0.99998504
0.99998832
0.99997747
0.99999702
0.99990726
0.90917110
0.99999833
0.99994332
0.99996835
0.99999571
0.99999672
0.99998784
0.99999917
0.99999887
0.99996477
0.99998355
0.99999768
0.99999553
0.99998719
0.99999309
0.99999744
0.99998122
0.99999231
0.99999911
0.99999386
0.99998754
0.99998724
0.99659288
0.99998373
0.99867773
0.99980122
0.99295586
0.99986535
0.99996018
0.99998224
0.99999970
0.99980748
0.99998003
0.99996400
0.99999958
0.99999613
0.99998105
0.99989408
0.81757599
0.99999833
0.99999863
0.99987841
0.99998176
0.99999654
0.99780357
0.99986970
0.99999142
0.99999046
0.99999058
0.99996567
0.96648383
0.99998522
0.99992287
0.99973422
0.99998462
0.99998295
0.98644161
0.99997622
0.98952472
0.99998701
0.99992329
0.99975294
0.99999839
0.99995726
0.99999958
0.99999541
0.99999356
0.99998111
0.99999988
0.99876827
0.99999946
0.99993640
0.99998796
0.99992371
0.99999839
0.99993891
0.99998850
0.99985462
0.99993551
0.99990356
0.99999428
0.99824786
0.91093051
0.99998987
0.99999529
0.99999756
0.99992996
0.99999881
0.99928313
0.99995899
0.99258071
0.99998480
0.99999702
0.99899650
0.99999732
0.99996823
0.99997497
0.99999881
0.99997437
0.99997199
0.99998266
0.99948263
0.99999428
0.99997807
0.99997973
0.99997687
0.99996597
0.99990135
0.99995470
0.99999934
0.30396575
0.99999893
0.99998778
0.99965286
0.99993950
0.99999952
0.99972719
0.99999976
0.99999142
0.99994779
0.99760526
0.99999124
0.99999779
0.99999851
0.99999762
0.99999887
0.96953112
0.99981970
0.99991375
0.99999523
0.99872983
0.99867547
0.99998593
0.99974775
0.99881285
0.99995244
0.99988514
0.99999505
0.99999791
0.99999058
0.99999171
0.99999136
0.99961388
0.99439383
0.99950773
0.99999583
0.99999410
0.99977225
0.99999040
0.99999613
0.99999851
0.99999857
0.99999511
0.99560463
0.99990094
0.99956602
0.99999887
0.43860987
0.96242213
0.95975178
0.87687504
0.30305117
0.57871056
0.99675649
0.97382563
0.54403353
0.97212815
0.98409307
0.97646952
0.23410821
0.93739587
0.99670333
0.49641240
0.43418145
0.04052377
0.98377401
0.62453187
0.64310920
0.97964686
0.00009111
0.00158068
0.01980175
0.00005255
0.03817614
0.92494965
0.84186655
0.53032070
0.05622662
0.53618824
0.00050971
0.02773705
0.00061220
0.01977701
0.94059032
0.00085587
0.00173063
0.53289253
0.00032080
0.03803702
0.42340022
0.91348749
0.00001025
0.00006989
0.98731327
0.00006593
0.01060033
0.00040688
0.84285098
0.01225685
0.00119974
0.00037861
0.00574072
0.91028607
0.00006412
0.00039911
0.00332454
0.98050696
0.98725498
0.00469965
0.99222064
0.00002896
0.41864774
0.02679916
0.00233002
0.00016259
0.00010039
0.00257281
0.99995756
0.00051685
0.01076233
0.01023491
0.00018542
0.03338460
0.98704839
0.13317451
0.93389112
0.95655382
0.01035633
0.55980575
0.00019694
0.00001832
0.99995202
0.00361458
0.00017668
0.01197527
0.99834913
0.00003680
0.58849835
0.99990743
0.03626863
0.00050009
0.00000574
0.99981123
0.00980256
0.86325264
0.68371022
0.00395380
0.00046565
0.99966258
0.02594866
0.00095969
0.00007467
0.13353533
0.00001498
0.98254097
0.00068162
0.00001028
0.84686399
0.02259544
0.90448689
0.37522680
0.28888834
0.07690015
0.99998951
0.99897116
0.01213334
0.00001744
0.00183109
0.02170518
0.18241931
0.98033577
0.00283144
0.00763269
0.21095008
0.00007117
0.91107529
0.98579389
0.99965376
0.99918008
0.00008617
0.00018958
0.00006269
0.00019685
0.99744797
0.99228221
0.00000900
0.91174304
0.00004758
0.76385522
0.99299550
0.00131436
0.01346812
0.99281430
0.00097789
0.00022710
0.99887264
0.01160665
0.00840536
0.00556310
0.00294781
0.00188055
0.99995470
0.99874502
0.00002209
0.01957923
0.00044588
0.00010679
0.99601829
0.68895674
0.99997729
0.00039272
0.01291553
0.00297338
0.01023155
0.20572205
0.11346185
0.00336910
0.99791110
0.24771605
0.86012298
0.97208339
0.99618417
0.00482092
0.00852633
0.99999660
0.98023731
0.00014644
0.99143875
0.00154163
0.35434166
0.00055563
0.00003640
0.00296732
0.99923724
0.00141825
0.00119556
0.00001280
0.00123648
0.82421982
0.01013994
0.00058964
0.95399421
0.00084993
0.00597862
0.94929916
0.04447767
0.00010963
0.00215048
0.36964044
0.00002181
0.00065108
0.00251400
0.10898614
0.00404716
0.00167826
0.00808595
0.00008795
0.00131750
0.05526323
0.08096490
0.00073399
0.99972463
0.03746940
0.15057306
0.00177335
0.01027228
0.00012110
0.69596732
0.72943228
0.05582080
0.00265262
0.00510360
0.53046864
0.94026279
0.10787620
0.00402830
0.00037080
0.00154744
0.99992573
0.99995571
0.00043035
0.00978120
0.12232811
0.03730205
0.95648897
0.02733505
0.00048839
0.44311517
0.00071445
0.86504006
0.99929339
0.00281347
0.00468258
0.00122570
0.00006498
0.96808600
0.00007834
0.00070016
0.99999541
0.00079126
0.00047477
0.00017747
0.99997938
0.02271228
0.00183987
0.00001767
0.02167932
0.00069626
0.11826289
0.01082797
0.93341184
0.07774138
0.99998093
0.99439490
0.23235589
0.02104414
0.98410779
0.02254480
0.99822247
0.00047837
0.57833153
0.00007722
0.90757811
0.03741122
0.00004349
0.99994028
0.00025459
0.00090087
0.00094491
0.00016056
0.01803285
0.00303043
0.00276625
0.98342019
0.00100487
0.62422568
0.08560600
0.00003559
0.99980181
0.01173301
0.11890491
0.00674143
0.62371504
0.19720432
0.89997059
0.00018690
0.38041782
0.50444603
0.38152730
0.04003059
0.44000167
0.99958533
0.90378618
0.00757919
0.00682141
0.99995267
0.02606440
0.00660998
0.00634361
0.01191071
0.00009839
0.00103327
0.00418688
0.36621428
0.00051135
0.05698579
0.09388380
0.99769080
0.99986804
0.99107492
0.00189053
0.00160698
0.00444148
0.00076236
0.00020455
0.00035564
0.01890635
0.99997485
0.00177993
0.24334158
0.16141692
0.02739961
0.00003141
0.99996603
0.00132427
0.00008734
0.91029638
0.19891913
0.06674634
0.02019259
0.00040346
0.00298000
0.96000689
0.00518621
0.99978560
0.00986575
0.03943605
0.12481510
0.00096249
0.00169354
0.00002312
0.44900981
0.95986789
0.68296653
0.00199211
0.00019169
0.84471923
0.00156383
0.05251510
0.00410791
0.00389360
0.11286376
0.02387957
0.00182941
0.72368443
0.00202940
0.44041553
0.00052510
0.00187978
0.00976146
0.00001220
0.00016347
0.00026977
0.00236464
0.00011361
0.99617541
0.00034196
0.33988693
0.02087938
0.00135893
0.00146157
0.00016978
0.99999756
0.99869376
0.56755894
0.77739739
0.00020949
0.00022717
0.01825815
0.00303747
0.05721914
0.00166378
0.00414740
0.23320790
0.00019903
0.00012004
0.01696696
0.16820860
0.34505078
0.19968957
0.01301324
0.06598418
0.61062610
0.57264763
0.00405854
0.61846548
0.00009105
0.06716844
0.99994504
0.00414685
0.00708795
0.01694535
0.89285666
0.00019514
0.00002087
0.58533180
0.03028499
0.99976975
0.07232118
0.00254990
0.00254019
0.99973553
0.47513258
0.01674480
0.00009176
0.40226603
0.00049206
0.99762696
0.01559467
0.21065682
0.03079802
0.00199669
0.94065505
0.01386828
0.68797106
0.00159072
0.99689519
0.21784747
0.00028170
0.00132784
0.00014951
0.99541759
0.33632568
0.86473268
0.00006827
0.00538434
0.00667111
0.00006126
0.04011206
0.00065038
0.00006218
0.00004537
0.00063194
0.00044167
0.00216895
0.00176870
0.03545263
0.00514698
0.01285446
0.05187709
0.00025127
0.95512563
0.99556500
0.00016747
0.00021116
0.00171182
0.12628894
0.00006993
0.50552648
0.99996006
0.84997606
0.00231205
0.97193497
0.96328461
0.00025357
0.00203690
0.00626246
0.99995613
0.00026195
0.99759090
0.00274651
0.00210486
0.25098041
0.75574809
0.98094577
0.99986619
0.63908106
0.50946724
0.99994516
0.00016948
0.00003947
0.00028883
0.00002229
0.01414693
0.00902355
0.00146571
0.00643266
0.00051459
0.00464024
0.99269587
0.03423089
0.00005020
0.00051219
0.11749952
0.00007358
0.98974234
0.01308018
0.04982380
0.92834377
0.61304665
0.04389362
0.00063579
0.99998033
0.00013715
0.00022837
0.07119671
0.49741954
0.00005189
0.00396227
0.00194612
0.00082983
0.14241908
0.95121813
0.00079409
0.00337852
0.00034827
0.00135353
0.00466327
0.00047092
0.03069785
0.04954165
0.21200201
0.04082881
0.00625720
0.00001333
0.00027368
0.00114924
0.99969399
0.00557185
0.00712274
0.01786128
0.39507335
0.04512140
0.00038621
0.12250111
0.00007161
0.00032011
0.99745411
0.47522071
0.00808672
0.97390985
0.21341196
0.00010525
0.00871428
0.01099382
0.99976212
0.99903876
0.94169509
0.99811918
0.39999983
0.00099614
0.99376541
0.00172220
0.27271602
0.00005819
0.58329815
0.13753475
0.00249377
0.04492240
0.00022909
0.00363050
0.77070522
0.00013808
0.98807073
0.00228472
0.00160567
0.06733531
0.13890812
0.05780144
0.00489585
0.67741829
0.00777156
0.00089162
0.07589064
0.00008995
0.00159453
0.00005497
0.74555761
0.02059876
0.17293957
0.00024794
0.96944761
0.00922475
0.01407978
0.00039712
0.12474447
0.00022781
0.99990451
0.18584210
0.01199437
0.12300659
0.01217841
0.99531329
0.19197962
0.01112676
0.88186848
0.00026239
0.00098481
0.15730324
0.01230654
0.07178777
0.18835087
0.00019011
0.11907805
0.00004635
0.00119446
0.13255785
0.05257240
0.00047045
0.47416431
0.38080207
0.79900628
0.01748599
0.00051222
0.18624520
0.12588289
0.01489048
0.14202712
0.00332849
0.99974662
0.99727738
0.00169647
0.03788706
0.84362072
0.16918394
0.98912042
0.61476362
0.03826986
0.43632790
0.95511943
0.66777617
0.96231037
0.99856257
0.04853677
0.00027011
0.40942252
0.16511320
0.00001658
0.39353016
0.99955696
0.64663070
0.00307979
0.00017329
0.99982411
0.00107192
0.89379174
0.00742769
0.00007385
0.00002963
0.99600792
0.01078548
0.93702161
0.01716854
0.00002304
0.53729486
0.48192179
0.89615649
0.02144519
0.00803773
0.00905473
0.00148526
0.00161601
0.00049602
0.97238642
0.00510411
0.21422437
0.17742206
0.99344319
0.02187026
0.97169590
0.85337526
0.98585200
0.14193374
0.02156324
0.00178402
0.99983907
0.00162380
0.94473207
0.91945755
0.90685469
0.00005831
0.90115291
0.00059869
0.00022059
0.00004225
0.01660675
0.00019140
0.00025392
0.00024839
0.18691593
0.04539823
0.09129274
0.10472532
0.00013522
0.99998868
0.00097932
0.19858325
0.00599874
0.00010727
0.15596065
0.24983653
0.28819767
0.00035340
0.01346951
0.04738685
0.93857205
0.00101741
0.00022492
0.94606632
0.99805963
0.00280829
0.00004261
0.13283949
0.00293194
0.14277868
0.17799342
0.00249399
0.00037529
0.07051568
0.14000182
0.00650775
0.02247015
0.00036177
0.00012229
0.46174729
0.68572021
0.00050317
0.98568392
0.00651662
0.00013251
0.57631975
0.00010008
0.99561435
0.00151094
0.00025473
0.00056235
0.00395042
0.00011341
0.29608616
0.99989426
0.00112104
0.99262077
0.99998063
0.00013642
0.00002614
0.02805413
0.97705942
0.99904168
0.80388188
0.03337777
0.46349251
0.00049832
0.00094278
0.02319004
0.00020248
0.00006243
0.00039241
0.99981910
0.00767529
0.87345171
0.00001042
0.00790940
0.00176486
0.00016510
0.11325793
0.99826688
0.00034234
0.00037349
0.00013257
0.00075236
0.00017924
0.00004981
0.14608788
0.00679705
0.01961518
0.00833173
0.02098746
0.99715567
0.16760032
0.99995935
0.00000275
0.00002135
0.00009938
0.00034573
0.18789063
0.99995208
0.99990004
0.00006016
0.98636538
0.00481159
0.08624767
0.95661664
0.00604624
0.00988141
0.00434435
0.01067576
0.99657911
0.00219866
0.00716156
0.03430948
0.99998826
0.00112221
0.28485757
0.98798794
0.55600554
0.00162253
0.00785908
0.98052967
0.03863134
0.00004489
0.00029472
0.00105305
0.00007642
0.99935621
0.99998420
0.54128152
0.17162405
0.02221202
0.96594298
0.00083842
0.17301786
0.06016229
0.01677634
0.00009143
0.87636280
0.99864978
0.00002395
0.81000727
0.01623648
0.00083757
0.04577344
0.36729947
0.99999785
0.00003509
0.00006553
0.00043692
0.12369661
0.07114605
0.04192048
0.30738184
0.01159524
0.99128491
0.89063251
0.86440837
0.00008512
0.99502093
0.00029581
0.01160275
0.00027881
0.00001311
0.00278868
0.07754478
0.00236757
0.99986404
0.95111924
0.01699886
0.00644286
0.04999459
0.03184688
0.57584381
0.00003365
0.00116962
0.39644909
0.13110426
0.51892728
0.01802702
0.31864238
0.00179067
0.01823521
0.44482255
0.89530587
0.48893753
0.79161644
0.00030537
0.00021681
0.60517597
0.56877077
0.00033840
0.09167884
0.00273731
0.96661747
0.00103898
0.98884475
0.74788219
0.03508561
0.28119239
0.00458498
0.31264228
0.00036403
0.21585037
0.00064007
0.00023291
0.67318231
0.99842620
0.00005293
0.00146912
0.00027900
0.00309446
0.02697581
0.01970671
0.00043764
0.00012407
0.36342025
0.00011630
0.77592808
0.01114696
0.00084403
0.09125922
0.99783218
0.00754891
0.00003635
0.03209438
0.00014164
0.00001829
0.99200672
0.00383864
0.97155863
0.00136795
0.84696740
0.00656002
0.95887268
0.55905199
0.00278669
0.12368425
0.99333310
0.83303457
0.99997896
0.00058035
0.10590958
0.03560830
0.00099264
0.99972397
0.00121168
0.12724560
0.93865132
0.99997503
0.67078656
0.00379320
0.00512190
0.10221294
0.92104429
0.01208565
0.40754849
0.49814454
0.00690263
0.04691793
0.23181489
0.94579655
0.00369240
0.88510042
0.08100527
0.01808616
0.00009641
0.00018023
0.00028431
0.99964464
0.91587716
0.02848080
0.05609933
0.00008237
0.06483875
0.01566429
0.00026881
0.53203005
0.00673736
0.00147210
0.83667010
0.00013011
0.00091787
0.07338995
0.00196863
0.91736990
0.99862587
0.15764740
0.00142704
0.00002843
0.99957204
0.73284894
0.12393633
0.72632498
0.92144334
0.93869400
0.99999732
0.00236945
0.00572731
0.90231770
0.00060417
0.00103796
0.00009395
0.00039970
0.00918167
0.00011362
0.12592514
0.00636704
0.11028340
0.87345797
0.00006048
0.00027847
0.00036563
0.99608570
0.00034673
0.06868854
0.03716337
0.36034653
0.50019872
0.99997580
0.00030367
0.00012083
0.29696283
0.00315071
0.00008520
0.49239630
0.99965304
0.00006035
0.39838940
0.00017054
0.99971724
0.00426687
0.00006383
0.04819784
0.00176565
0.02985504
0.99992102
0.00883441
0.07383996
0.00514514
0.00211580
0.05376236
0.03873366
0.00341257
0.00000445
0.00001574
0.00001638
0.00017543
0.07421373
0.00122902
0.00001715
0.00035204
0.00005276
0.00099855
0.00003503
0.04439970
0.15018022
0.00025685
0.75482929
0.00006047
0.33183533
0.77605265
0.01235017
0.01663987
0.00023947
0.97953373
0.00048401
0.98656499
0.09729283
0.99859905
0.00040332
0.99147540
0.00757999
0.98963898
0.00014184
0.00073422
0.09973344
0.98676628
0.01616377
0.04129500
0.00034102
0.11443677
0.00147755
0.04784472
0.00647594
0.03791660
0.00294970
0.00224046
0.00006699
0.00026767
0.99999529
0.55909026
0.00080178
0.00126524
0.00479538
0.01052828
0.99993908
0.50364459
0.00398611
0.00134512
0.00001971
0.00192756
0.00002085
0.00101511
0.00075739
0.00005063
0.00031628
0.81877214
